2911
2405
2169
1899
1879
1879
1879
1844
1833
1616
1601
1578
1570
1569
1565
1493
1409
1348
1346
1346
1293
1285
1226
1158
1158
1115
1112
1043
1032
1032
997
976
876
862
859
857
851
847
836
834
796
796
732
719
713
617
617
617
610
610
610
596
549
526
526
526
526
504
497
443
434
420
420
390
377
369
352
340
323
322
310
297
296
281
280
279
277
277
277
270
270
270
268
268
268
261
252
251
242
242
242
239
231
223
222
212
212
211
211
200
193
183
175
175
175
172
172
168
158
158
158
158
158
148
148
144
143
142
142
130
130
126
125
125
125
124
124
123
118
118
118
118
108
108
107
106
102
101
101
100
97
96
95
94
93
90
90
90
88
87
87
87
85
85
76
76
76
75
75
72
70
67
67
66
65
64
63
63
63
62
60
59
59
59
58
58
58
58
58
54
54
49
49
48
44
43
42
42
41
40
39
38
36
35
35
34
34
32
32
32
31
31
31
31
30
29
28
28
27
26
26
24
24
24
24
23
21
21
21
21
21
21
20
20
19
16
16
15
14
14
14
13
13
13
12
12
12
12
12
11
10
10
9
8
8
8
8
8
8
8
8
7
7
7
6
6
6
6
6
6
6
6
5
5
5
5
5
5
5
5
5
5
5
5
5
4
4
4
4
4
3
3
3
3
3
3
3
3
3
3
3
3
3
3
3
3
3
3
3
3
3
3
3
3
3
3
3
3
3
3
2
2
2
2
2
2
2
2
2
2
2
2
2
2
2
2
2
2
2
2
2
2
2
2
2
2
2
2
2
2
2
2
2
2
2
2
2
2
2
2
2
2
2
2
2
2
2
1
1
1
1
1
1
1
1
1
1
1
1
1
1
1
1
1
1
1
1
1
1
1
1
1
1
1
1
1
1
1
1
1
1
1
1
1
1
1
1
1
1
1
1
1
1
1
1
1
1
1
1
1
1
1
1
1
1
1
1
1
1
1
1
1
1
1
1
1
1
1
1
1
1
1
1
1
1
1
1
1
1
1
1
1
1
1
1
1
1
1
1
1
1
1
1
1
1
1
1
1
1
1
1
1
1
1
1
1
1
1
1
1
1
1
1
1
1
1
1
1
1
1
1
1
1
1
1
1
1
1
1
1
1
1
1
1
1
1
1
1
1
1
1
1
1
1
